stroke = BasicStroke(1.4, CAP_ROUND, JOIN_ROUND), GraphTheme.java:59

  zoom strokeMode  paintedPx   overhang minInkDistance insideRect   expected
  0.25        1.4      1.000      0.500        0.000          1        0.0
  0.25        1.4      1.000      0.500        0.500          0        1.0
  0.25        1.4      1.000      0.500        1.500          0        2.0
  0.25        1.4      1.000      0.500        2.500          0        3.0
  0.25        1.4      1.000      0.500        3.500          0        4.0
  0.25   1.4/zoom      3.000      1.500        0.000          4        0.0
  0.25   1.4/zoom      3.000      1.500        0.000          1        1.0
  0.25   1.4/zoom      3.000      1.500        0.500          0        2.0
  0.25   1.4/zoom      3.000      1.500        1.500          0        3.0
  0.25   1.4/zoom      3.000      1.500        2.500          0        4.0
  1.00        1.4      3.000      1.500        0.000          4        0.0
  1.00        1.4      3.000      1.500        0.000          1        1.0
  1.00        1.4      3.000      1.500        0.500          0        2.0
  1.00        1.4      3.000      1.500        1.500          0        3.0
  1.00        1.4      3.000      1.500        2.500          0        4.0
  1.00   1.4/zoom      3.000      1.500        0.000          4        0.0
  1.00   1.4/zoom      3.000      1.500        0.000          1        1.0
  1.00   1.4/zoom      3.000      1.500        0.500          0        2.0
  1.00   1.4/zoom      3.000      1.500        1.500          0        3.0
  1.00   1.4/zoom      3.000      1.500        2.500          0        4.0
  2.00        1.4      3.000      1.500        0.000          6        0.0
  2.00        1.4      3.000      1.500        0.000          3        1.0
  2.00        1.4      3.000      1.500        0.500          0        2.0
  2.00        1.4      3.000      1.500        1.500          0        3.0
  2.00        1.4      3.000      1.500        2.500          0        4.0
  2.00   1.4/zoom      3.000      1.500        0.000          4        0.0
  2.00   1.4/zoom      3.000      1.500        0.000          1        1.0
  2.00   1.4/zoom      3.000      1.500        0.500          0        2.0
  2.00   1.4/zoom      3.000      1.500        1.500          0        3.0
  2.00   1.4/zoom      3.000      1.500        2.500          0        4.0
  4.00        1.4      7.000      3.500        0.000         22        0.0
  4.00        1.4      7.000      3.500        0.000         15        1.0
  4.00        1.4      7.000      3.500        0.000          8        2.0
  4.00        1.4      7.000      3.500        0.000          3        3.0
  4.00        1.4      7.000      3.500        0.500          0        4.0
  4.00   1.4/zoom      3.000      1.500        0.000          4        0.0
  4.00   1.4/zoom      3.000      1.500        0.000          1        1.0
  4.00   1.4/zoom      3.000      1.500        0.500          0        2.0
  4.00   1.4/zoom      3.000      1.500        1.500          0        3.0
  4.00   1.4/zoom      3.000      1.500        2.500          0        4.0

glyph ink overhang beyond the logical 12 pt box, per side, production centring (GraphPainter.drawCentered)
                                                text      left     right       top    bottom
                                     Axiom of Choice   -0.0523   -2.0523   -3.6721   -3.6721
                                             Theorem   -0.0302   -1.0302   -3.6721   -3.6721
                                           Power Set   -1.7422    0.2578   -4.6721   -3.6721
                                  Replacement Scheme   -1.1724   -1.1724   -3.6721   -0.6721
                             Foundation / Regularity   -1.8005   -3.8005   -3.6721   -0.6721
                                      Extensionality   -1.7163   -0.7163   -3.6721   -0.6721
                                                 ZFC   -0.8381    0.1619   -4.6721   -3.6721
                                              Axioms   -0.1702   -1.1702   -3.6721   -3.6721
                      Basic Definitions and Theorems   -1.4746   -1.4746   -3.6721   -3.6721
      Well-Ordering Theorem of Choice and Regularity   -0.5650   -3.5650   -3.6721   -0.6721
                                               Group   -0.3741   -1.3741   -4.6721   -0.6721
          Transfinite Induction over Ordinal Numbers   -0.8609   -4.8609   -3.6721   -3.6721
                                             Zermelo   -0.9662    0.0338   -3.6721   -3.6721
